Please input: Scotland
[16, 94, 96, 143, 272, 351, 370, 3330, 3334, 3336, 3338, 3376, 3485, 3504, 3505, 3532, 3533, 3561, 3565, 3629, 3654, 3820, 3826, 3932, 3938]

Please input: Window
[30, 55, 59, 145, 160, 272, 374, 3463, 3639, 3782, 3788, 3906, 3909, 3910, 3917, 3930]

Please input: replacing
[16, 28, 31, 51, 92, 97, 131, 135, 136, 138, 140, 169, 195, 197, 218, 242, 256, 274, 276, 325, 3325, 3342, 3361, 3370, 3387, 3397, 3403, 3410, 3411, 3413, 3418, 3437, 3438, 3461, 3494, 3504, 3521, 3531, 3532, 3533, 3561, 3598, 3623, 3654, 3660, 3662, 3668, 3693, 3700, 3716, 3720, 3724, 3734, 3745, 3788, 3805, 3828, 3867, 3869, 3876, 3886, 3895, 3896, 3907, 3918, 3921, 3930, 3935]

Please input: condemning
[113, 309, 354, 3374, 3674, 3678]

Please input: income OR taxes
[3, 14, 16, 23, 24, 32, 33, 34, 39, 41, 42, 43, 46, 65, 92, 106, 112, 113, 125, 141, 144, 146, 161, 163, 168, 170, 171, 172, 173, 175, 177, 178, 184, 185, 186, 190, 216, 226, 228, 241, 248, 257, 262, 268, 270, 282, 287, 304, 313, 314, 315, 316, 317, 319, 322, 325, 326, 328, 329, 351, 357, 360, 361, 366, 370, 375, 3324, 3327, 3329, 3331, 3332, 3333, 3336, 3337, 3341, 3342, 3343, 3345, 3347, 3374, 3387, 3388, 3390, 3396, 3397, 3401, 3403, 3404, 3405, 3407, 3409, 3412, 3415, 3417, 3420, 3437, 3439, 3441, 3443, 3444, 3449, 3460, 3469, 3470, 3472, 3473, 3474, 3475, 3480, 3481, 3482, 3490, 3494, 3495, 3498, 3503, 3504, 3511, 3519, 3525, 3527, 3528, 3529, 3530, 3531, 3532, 3533, 3535, 3537, 3542, 3543, 3548, 3561, 3562, 3563, 3567, 3569, 3580, 3582, 3586, 3589, 3590, 3591, 3592, 3593, 3595, 3596, 3597, 3599, 3602, 3604, 3606, 3607, 3608, 3610, 3611, 3612, 3613, 3617, 3618, 3622, 3625, 3628, 3629, 3630, 3636, 3653, 3654, 3658, 3661, 3666, 3669, 3672, 3673, 3680, 3692, 3693, 3694, 3699, 3700, 3701, 3704, 3705, 3706, 3707, 3708, 3709, 3710, 3714, 3715, 3726, 3734, 3760, 3771, 3775, 3781, 3788, 3790, 3792, 3793, 3795, 3805, 3812, 3816, 3817, 3818, 3820, 3821, 3822, 3824, 3826, 3827, 3828, 3829, 3830, 3831, 3834, 3835, 3838, 3841, 3842, 3846, 3848, 3849, 3865, 3869, 3876, 3890, 3901, 3913, 3928, 3929, 3932, 3937, 3939]

Please input: income AND NOT taxes
[42, 106, 112, 125, 161, 171, 248, 287, 351, 366, 375, 3324, 3345, 3390, 3396, 3404, 3417, 3439, 3444, 3460, 3469, 3470, 3472, 3494, 3537, 3542, 3580, 3586, 3591, 3602, 3636, 3658, 3661, 3666, 3673, 3694, 3700, 3709, 3760, 3788, 3790, 3795, 3820, 3822, 3830, 3865, 3932, 3939]

Please input: "income taxes"
[65, 92, 282, 361, 3405, 3441, 3449, 3562, 3706, 3708, 3734, 3818]

Please input: #10(income, taxes)
[65, 92, 163, 282, 361, 3387, 3405, 3441, 3449, 3490, 3533, 3562, 3599, 3699, 3706, 3708, 3734, 3817, 3818]

Please input: "middle east" AND peace
[219, 223, 288, 305, 3549, 3663, 3762, 3766]