1 0 65 0 4.804034014375514 0
1 0 3533 0 4.726408198463378 0
2 0 3549 0 7.039609860922144 0
2 0 305 0 6.839380220649094 0
3 0 3354 0 4.611268895718855 0
3 0 3345 0 4.508749580683283 0
4 0 351 0 3.2290914813861926 0
4 0 3938 0 3.2282217485810056 0
5 0 3933 0 4.071335947806402 0
5 0 3936 0 3.6466882331907007 0
6 0 59 0 8.263806762857993 0
6 0 3906 0 6.605730686584568 0
7 0 3693 0 3.7149285503334495 0
7 0 3459 0 3.424570131223578 0
8 0 3928 0 5.629426908439597 0
8 0 135 0 3.67500133768554 0
9 0 252 0 3.053321495111292 0
9 0 351 0 3.002212881653417 0
10 0 3524 0 4.824776438708986 0
10 0 3876 0 4.751373429596728 0
